world: 1bb94e8d-6bf0-4b72-9047-0a20f8a53004
world-name: world
x: 1294.4667549516291
y: 70.0
z: 98.48684274896253
yaw: -179.8505401611328
pitch: -4.350157260894775
name: PusatKota
lastowner: 35c9970a-00db-34f5-afea-40ec663de34a
